000000000000000  000000000000000
00                            00
00                            00
00                            00
00                            00
00                            00
00                            00
00                            00
00       Z   Z   Z   Z        00
0000   000000000000000000   0000
00                            00
00                            00
00                            00
00                            00
0000   000000000000000000   0000
00                            00
00                            00
00                            00
00                            00
0000   000000000000000000   0000
00                            00
00                            00
00                            00
00                            00
00000000000000000000000000000000
--------------------------------
14
0	0	2	25	//Left
30	0	2	25	//Right
2	0	28	1	//Ceiling
2	9	2	1	//L1 L
7	9	18	1	//L1 M
28	9	2	1	//L1 R
2	14	2	1	//L2 L
7	14	18	1	//L2 M
28	14	2	1	//L2 R
2	19	2	1	//L3 L
7	19	18	1	//L3 M
28	19	2	1	//L3 R
2	24	28	1	//Floor