000000000    00  00    000000000
00                            00
00                            00
00                            00
00                            00
00   000000000000000000000000000
00                            00
00                            00
00                            00
00000000000000000000000000    00
00                            00
00                            00
00                            00
00                            00
00   000000000000000000000000000
00                            00
00                            00
00                            00
00                            00
00  00000000000  00000000000  00
00                            00
00                            00
00                            00
00                            00
0 0000000    000000    000000000
--------------------------------
13
0	0	2	25	//Left
30	0	2	25	//Right
2	-4	7	5	//Ceiling Left
13	-4	6	5	//Ceiling Middle
23	-4	7	5	//Ceiling Right
5	5	26	1	//L1
2	9	25	1	//L2
5	14	26	1	//L3
4	19	11	1	//L4 L
17	19	11	1	//L4 L
2	24	7	5	//Floor Left
13	24	6	5	//Floor Middle
23	24	7	5	//Floor Right