000000000    00  00    000000000
00                            00
00                            00
00                            00
00                            00
00   00000000      00000000   00
00   0                    0   00
00   0                    0   00
00   0Z               Z   0   00
00   000000000    000000000   00
00   0                    0   00
00   0                    0   00
00   0                    0   00
00   0   Z              Z 0   00
00   0000000000  0000000000   00
00                            00
00                            00
00                            00
00                            00
0000000  000        000  0000000
00                            00
00                            00
00                            00
00                            00
0 0000000    000000    000000000
--------------------------------
20
0	0	2	25	//Left
30	0	2	25	//Right
2	-4	7	5	//Ceiling Left
13	-4	6	5	//Ceiling Middle
23	-4	7	5	//Ceiling Right
5	5	1	10	//Middle Left
26	5	1	10	//Middle Right
6	5	7	1	//L1 L
19	5	7	1	//L1 R
6	9	8	1	//L2 L
18	9	8	1	//L2 R
6	14	9	1	//L3 L
17	14	9	1	//L3 R
2	19	5	1	//L4 L
9	19	3	1	//L4 L
20	19	3	1	//L4 R
25	19	5	1	//L4 R
2	24	7	5	//Floor Left
13	24	6	5	//Floor Middle
23	24	7	5	//Floor Right